FillChar
dump_ptr
 01 01 01 01 01 01 01 01
 02 02 02 02 02 02 02 02
 03 03 03 03 03 03 03 03
 04 04 04 04 04 04 04 04 04 04 04 04 04 04 04 04
 05 05 05 05 05 05 05 05
dump_ptr
 01 01 01 01 01 01 01 01
 02 02 02 02 02 02 02 02
 03 03 03 03 03 03 03 03
 04 04 04 04 04 04 04 04 04 04 04 04 04 04 04 04
 05 05 05 05 05 05 05 05
dump_var
 01 01 01 01 01 01 01 01
 02 02 02 02 02 02 02 02
 03 03 03 03 03 03 03 03
 04 04 04 04 04 04 04 04
 05 05 05 05 05 05 05 05
FillChar
dump_ptr
 20 20 20 20 20 20 20 20
 22 22 22 22 22 22 22 22
 25 25 25 25 25 25 25 25
